643
645
649
654
659
664
669
674
679
684
689
694
699
704
709
714
719
724
729
734
739
744
749
754
759
764
769
774
779
784
789
794
799
804
809
814
819
824
829
834
839
844
849
854
849
851
849
844
846
844
839
841
839
834
836
834
829
831
829
824
826
824
819
821
819
814
816
814
809
811
809
804
806
804
799
801
799
794
796
794
789
791
789
784
786
784
779
781
779
774
776
774
769
771
769
764
766
764
759
761
759
754
756
754
749
751
749
744
746
744
739
741
739
734
736
734
729
731
729
724
726
724
719
721
719
714
716
714
709
711
709
704
706
704
699
701
699
694
696
694
689
691
689
684
686
684
679
681
679
674
676
674
669
671
669
664
666
664
659
661
659
654
656
654
649
645
643
645
649
654
659
664
669
674
679
684
689
694
699
704
709
714
719
724
729
734
739
744
749
754
759
764
769
774
779
784
789
794
799
804
809
814
819
824
829
834
839
844
849
854
849
851
849
844
846
844
839
841
839
834
836
834
829
831
829
824
826
824
819
821
819
814
816
814
809
811
809
804
806
804
799
801
799
794
796
794
789
791
789
784
786
784
779
781
779
774
776
774
769
771
769
764
766
764
759
761
759
754
756
754
749
751
749
744
746
744
739
741
739
734
736
734
729
731
729
724
726
724
719
721
719
714
716
714
709
711
709
704
706
704
699
701
699
694
696
694
689
691
689
684
686
684
679
681
679
674
676
674
669
671
669
664
666
664
659
661
659
654
656
654
649
645
643
645
649
654
659
664
669
674
679
684
689
694
699
704
709
714
719
724
729
734
739
744
749
754
759
764
769
774
779
784
789
794
799
804
809
814
819
824
829
834
839
844
849
854
849
851
849
844
846
844
839
841
839
834
836
834
829
831
829
824
826
824
819
821
819
814
816
814
809
811
809
804
806
804
799
801
799
794
796
794
789
791
789
784
786
784
779
781
779
774
776
774
769
771
769
764
766
764
759
761
759
754
756
754
749
751
749
744
746
744
739
741
739
734
736
734
729
731
729
724
726
724
719
721
719
714
716
714
709
711
709
704
706
704
699
701
699
694
696
694
689
691
689
684
686
684
679
681
679
674
676
674
669
671
669
664
666
664
659
661
659
654
656
654
649
645
643
645
649
654
659
664
669
674
679
684
689
694
699
704
709
714
719
724
729
734
739
744
749
754
759
764
769
774
779
784
789
794
799
804
809
814
819
824
829
834
839
844
849
854
849
851
849
844
846
844
839
841
839
834
836
834
829
831
829
824
826
824
819
821
819
814
816
814
809
811
809
804
806
804
799
801
799
794
796
794
789
791
789
784
786
784
779
781
779
774
776
774
769
771
769
764
766
764
759
761
759
754
756
754
749
751
749
744
746
744
739
741
739
734
736
734
729
731
729
724
726
724
719
721
719
714
716
714
709
711
709
704
706
704
699
701
699
694
696
694
689
691
689
684
686
684
679
681
679
674
676
674
669
671
669
664
666
664
659
661
659
654
656
654
649
645
643
645
649
654
659
664
669
674
679
684
689
694
699
704
709
714
719
724
729
734
739
744
749
754
759
764
769
774
779
784
789
794
799
804
809
814
819
824
829
834
839
844
849
854
849
851
849
844
846
844
839
841
839
834
836
834
829
831
829
824
826
824
819
821
819
814
816
814
809
811
809
804
806
804
799
801
799
794
796
794
789
791
789
784
786
784
779
781
779
774
776
774
769
771
769
764
766
764
759
761
759
754
756
754
749
751
749
744
746
744
739
741
739
734
736
734
729
731
729
724
726
724
719
721
719
714
716
714
709
711
709
704
706
704
699
701
699
694
696
694
689
691
689
684
686
684
679
681
679
674
676
674
669
671
669
664
666
664
659
661
659
654
656
654
649
645
643
645
649
654
659
664
669
674
679
684
689
694
699
704
709
714
719
724
729
734
739
744
749
754
759
764
769
774
779
784
789
794
799
804
809
814
819
824
829
834
839
844
849
854
849
851
849
844
846
844
839
841
839
834
836
834
829
831
829
824
826
824
819
821
819
814
816
814
809
811
809
804
806
804
799
801
799
794
796
794
789
791
789
784
786
784
779
781
779
774
776
774
769
771
769
764
766
764
759
761
759
754
756
754
749
751
749
744
746
744
739
741
739
734
736
734
729
731
729
724
726
724
719
721
719
714
716
714
709
711
709
704
706
704
699
701
699
694
696
694
689
691
689
684
686
684
679
681
679
674
676
674
669
671
669
664
666
664
659
661
659
654
656
654
649
645
643
