643
645
649
654
659
664
669
674
679
684
689
694
699
704
709
714
719
724
729
734
739
744
749
754
759
764
769
774
779
784
789
794
799
804
809
814
819
824
829
834
839
844
849
854
849
851
849
844
846
844
839
841
839
834
836
834
829
831
829
824
826
824
819
821
819
814
816
814
809
811
809
804
806
804
799
801
799
794
796
794
789
791
789
784
786
784
779
781
779
774
776
774
769
771
769
764
766
764
759
761
759
754
756
754
749
751
749
744
746
744
739
741
739
734
736
734
729
731
729
724
726
724
719
721
719
714
716
714
709
711
709
704
706
704
699
701
699
694
696
694
689
691
689
684
686
684
679
681
679
674
676
674
669
671
669
664
666
664
659
661
659
654
656
654
649
645
643
645
649
654
659
664
669
674
679
684
689
694
699
704
709
714
719
724
729
734
739
744
749
754
759
764
769
774
779
784
789
794
799
804
809
814
819
824
829
834
839
844
849
854
849
851
849
844
846
844
839
841
839
834
836
834
829
831
829
824
826
824
819
821
819
814
816
814
809
811
809
804
806
804
799
801
799
794
796
794
789
791
789
784
786
784
779
781
779
774
776
774
769
771
769
764
766
764
759
761
759
754
756
754
749
751
749
744
746
744
739
741
739
734
736
734
729
731
729
724
726
724
719
721
719
714
716
714
709
711
709
704
706
704
699
701
699
694
696
694
689
691
689
684
686
684
679
681
679
674
676
674
669
671
669
664
666
664
659
661
659
654
656
654
649
645
643
2
6
11
16
21
26
31
36
41
46
51
56
61
66
71
76
81
86
91
96
101
106
111
116
121
126
131
136
141
146
151
156
161
166
171
176
181
186
191
196
201
206
211
206
208
206
201
203
201
196
198
196
191
193
191
186
188
186
181
183
181
176
178
176
171
173
171
166
168
166
161
163
161
156
158
156
151
153
151
146
148
146
141
143
141
136
138
136
131
133
131
126
128
126
121
123
121
116
118
116
111
113
111
106
108
106
101
103
101
96
98
96
91
93
91
86
88
86
81
83
81
76
78
76
71
73
71
66
68
66
61
63
61
56
58
56
51
53
51
46
48
46
41
43
41
36
38
36
31
33
31
26
28
26
21
23
21
16
18
16
11
13
11
6
2
0
2
6
11
16
21
26
31
36
41
46
51
56
61
66
71
76
81
86
91
96
101
106
111
116
121
126
131
136
141
146
151
156
161
166
171
176
181
186
191
196
201
206
211
206
208
206
201
203
201
196
198
196
191
193
191
186
188
186
181
183
181
176
178
176
171
173
171
166
168
166
161
163
161
156
158
156
151
153
151
146
148
146
141
143
141
136
138
136
131
133
131
126
128
126
121
123
121
116
118
116
111
113
111
106
108
106
101
103
101
96
98
96
91
93
91
86
88
86
81
83
81
76
78
76
71
73
71
66
68
66
61
63
61
56
58
56
51
53
51
46
48
46
41
43
41
36
38
36
31
33
31
26
28
26
21
23
21
16
18
16
11
13
11
6
2
0
2
6
11
16
21
26
31
36
41
46
51
56
61
66
71
76
81
86
91
96
101
106
111
116
121
126
131
136
141
146
151
156
161
166
171
176
181
186
191
196
201
206
211
206
208
206
201
203
201
196
198
196
191
193
191
186
188
186
181
183
181
176
178
176
171
173
171
166
168
166
161
163
161
156
158
156
151
153
151
146
148
146
141
143
141
136
138
136
131
133
131
126
128
126
121
123
121
116
118
116
111
113
111
106
108
106
101
103
101
96
98
96
91
93
91
86
88
86
81
83
81
76
78
76
71
73
71
66
68
66
61
63
61
56
58
56
51
53
51
46
48
46
41
43
41
36
38
36
31
33
31
26
28
26
21
23
21
16
18
16
11
13
11
6
2
0
2
6
11
16
21
26
31
36
41
46
51
56
61
66
71
76
81
86
91
96
101
106
111
116
121
126
131
136
141
146
151
156
161
166
171
176
181
186
191
196
201
206
211
206
208
206
201
203
201
196
198
196
191
193
191
186
188
186
181
183
181
176
178
176
171
173
171
166
168
166
161
163
161
156
158
156
151
153
151
146
148
146
141
143
141
136
138
136
131
133
131
126
128
126
121
123
121
116
118
116
111
113
111
106
108
106
101
103
101
96
98
96
91
93
91
86
88
86
81
83
81
76
78
76
71
73
71
66
68
66
61
63
61
56
58
56
51
53
51
46
48
46
41
43
41
36
38
36
31
33
31
26
28
26
21
23
21
16
18
16
11
13
11
6
2
0
